f1v 1 1 1
f2r 0 1 1
f2v 1 0 0
f3r 1 1 1
f3v 1 1 1
f4r 0 0 1
f4v 1 0 0
f5r 1 0 1
f5v 1 1 1
f6r 0 0 1
f6v 1 1 0
f7r 0 1 1
f7v 1 0 0
f8r 1 1 1
f8v 0 1 1
f9r 1 1 1
f9v 0 0 1
f10r 1 0 1
f10v 0 0 0
f11r 1 1 0
f11v 0 1 1
f13r 1 0 1
f13v 0 1 1
f14r 1 1 0
f14v 0 0 1
f15r 1 1 1
f15v 1 0 0
f16r 0 1 1
f16v 1 1 0
f17r 1 0 1
f17v 0 0 1
f18r 1 1 1
f18v 1 0 0
f19r 0 1 1
f19v 1 1 1
f20r 1 0 0
f20v 0 1 1
f21r 1 1 1
f21v 0 0 1
f22r 1 0 0
f22v 0 1 1
f23r 1 1 1
f23v 1 0 0
f24r 0 1 1
f24v 1 0 1
f25r 1 1 0
f25v 0 0 1
f26r 1 1 1
f26v 1 0 0
f27r 0 1 1
f27v 1 0 1
f28r 0 1 1
f28v 1 0 0
f29r 1 1 1
f29v 0 0 1
f30r 1 1 0
f30v 0 1 1
f31r 1 0 1
f31v 1 1 0
f32r 0 0 1
f32v 1 1 1
f33r 1 0 0
f33v 0 1 1
f34r 1 0 1
f34v 1 1 0
f35r 0 1 1
f35v 1 0 0
f36r 0 0 1
f36v 1 1 1
f37r 1 0 1
f37v 0 1 0
f38r 1 1 1
f38v 0 0 1
f39r 1 0 0
f39v 0 1 1
f40r 1 1 1
f40v 1 0 0
f41r 0 1 1
f41v 1 0 1
f42r 0 0 0
f42v 1 1 1
f43r 1 1 0
f43v 0 0 1
f44r 1 0 1
f44v 0 1 0
f45r 1 1 1
f45v 0 0 1
f46r 1 1 0
f46v 1 0 1
f47r 0 1 1
f47v 1 1 0
f48r 0 0 1
f48v 1 0 0
f49r 1 1 1
f49v 1 0 1
f50r 0 0 1
f50v 1 1 0
f51r 1 0 0
f51v 1 1 1
f52r 1 1 1
f52v 1 0 1
f53r 1 1 1
f53v 1 0 1
f54r 1 1 1
f54v 0 0 1
f55r 1 1 1
f55v 0 0 1
f56r 1 0 0
f56v 1 0 1
f57r 1 0 0
